40 40 10
4 4
5 4
6 4
8 31
8 32
8 33
9 30
9 31
9 32
13 12
13 13
14 12
14 13
15 14
15 15
16 14
16 15
23 10
23 11
23 17
23 18
24 11
24 12
24 16
24 17
25 8
25 11
25 13
25 15
25 17
25 20
26 8
26 9
26 10
26 12
26 13
26 15
26 16
26 18
26 19
26 20
27 9
27 11
27 13
27 15
27 17
27 19
28 10
28 11
28 12
28 16
28 17
28 18
30 10
30 11
30 12
30 16
30 17
30 18
31 9
31 11
31 13
31 15
31 17
31 19
32 8
32 9
32 10
32 12
32 13
32 15
32 16
32 18
32 19
32 20
33 8
33 11
33 13
33 15
33 17
33 20
34 11
34 12
34 16
34 17
35 10
35 11
35 17
35 18
